<?xml version="1.0"?>
<opencv_storage>
<calibration_Time>"Sat Jan 24 13:50:56 2015"</calibration_Time>
<nrOfFrames>50</nrOfFrames>
<image_Width>640</image_Width>
<image_Height>480</image_Height>
<board_Width>7</board_Width>
<board_Height>7</board_Height>
<square_Size>31.</square_Size>
<FixAspectRatio>1.</FixAspectRatio>
<flagValue>14</flagValue>
<Camera_Matrix type_id="opencv-matrix">
  <rows>3</rows>
  <cols>3</cols>
  <dt>d</dt>
  <data>
    6.8209567780194470e+02 0. 3.1950000000000000e+02 0.
    6.8209567780194470e+02 2.3950000000000000e+02 0. 0. 1.</data></Camera_Matrix>
<Distortion_Coefficients type_id="opencv-matrix">
  <rows>5</rows>
  <cols>1</cols>
  <dt>d</dt>
  <data>
    -1.2397897299305689e-02 -5.2744174174183989e-01 0. 0.
    1.6952834021096366e+00</data></Distortion_Coefficients>
<Avg_Reprojection_Error>6.1111578318431081e-01</Avg_Reprojection_Error>
<Per_View_Reprojection_Errors type_id="opencv-matrix">
  <rows>50</rows>
  <cols>1</cols>
  <dt>f</dt>
  <data>
    8.46682668e-01 4.62329417e-01 4.88537878e-01 4.69774216e-01
    5.00221193e-01 4.60242182e-01 8.82677078e-01 6.66644096e-01
    3.66175592e-01 3.60908836e-01 4.58529800e-01 4.90440011e-01
    4.43919152e-01 1.99476922e+00 3.54701370e-01 8.68953049e-01
    5.43853998e-01 3.61066759e-01 4.07809496e-01 4.45704430e-01
    5.68241835e-01 3.49331111e-01 3.54724556e-01 3.74494374e-01
    3.88589859e-01 4.58244741e-01 5.22804797e-01 4.49396998e-01
    4.48564649e-01 4.72706914e-01 5.07565796e-01 1.21761203e+00
    1.06700897e+00 6.63395643e-01 3.70872349e-01 3.69898915e-01
    4.22783494e-01 6.54493630e-01 7.84611166e-01 3.77754033e-01
    3.78038228e-01 3.36078674e-01 4.93454963e-01 4.87863004e-01
    4.36629832e-01 5.03590882e-01 5.81105769e-01 4.97075051e-01
    4.61345643e-01 3.52870345e-01</data></Per_View_Reprojection_Errors>
<Extrinsic_Parameters type_id="opencv-matrix">
  <rows>50</rows>
  <cols>6</cols>
  <dt>d</dt>
  <data>
    -1.0685742468688762e-01 1.6100646300969476e-01
    1.4810081385793339e+00 4.9705511085737939e+01
    -1.1046704307253808e+02 6.3832457224408404e+02
    1.4628574397455779e-01 8.8326324965433550e-02 1.4892613845439262e+00
    5.3294503317367926e+01 -1.2320835212163485e+02
    5.5053982760112103e+02 2.1002006316143246e-01 5.7362427441905769e-02
    1.5368322360125286e+00 5.9959506622083509e+01
    -1.1517357276384620e+02 5.3188048696728220e+02
    -1.1444884569038496e-01 1.4907112639128020e-01
    -1.5707692053987556e+00 -1.2148455854239054e+02
    7.8693293047347026e+01 5.5539305260150138e+02
    -1.8320997366097275e-01 8.3708461870265718e-02
    -1.5543690417771570e+00 -1.2383123942322145e+02
    8.0441955320133829e+01 5.3505995971803463e+02
    -7.7662799360564624e-02 3.1124653463662394e-01
    1.5701280284490908e+00 6.3991076422160710e+01
    -1.0365571966689808e+02 5.3615234590810439e+02
    -6.2400955007228565e-01 6.1619608126221892e-01
    1.5209637747734301e+00 4.3358918782166214e+01
    -6.3653574791551087e+01 6.1237337669111400e+02
    -4.1958857181921211e-01 7.5396739091015674e-01
    1.5275268440822014e+00 4.1619231512219855e+01
    -7.7237423945543000e+01 5.7404931760853242e+02
    -7.1900213603066954e-01 2.4617443373247802e-01
    1.0787947343975872e-01 -1.2976981114368095e+02
    -6.5013065663923044e+01 6.5795808833033288e+02
    -4.3355442296899305e-01 7.5815839589135359e-01
    1.5810574688296486e+00 5.4200622288038495e+01
    -5.9224009862028062e+01 6.1182618345575065e+02
    -6.7276143152091195e-01 2.5716588088549169e-01
    2.4652114806693051e-01 -1.0916071414593198e+02
    -8.2926470360163322e+01 6.4590113130389022e+02
    -5.9526821624493642e-01 3.1938183797116482e-01
    4.3643449696575720e-01 -8.3431828877039365e+01
    -1.0285289638677878e+02 6.4266923094173023e+02
    -4.7287799825409577e-01 3.9185598681926526e-01
    6.2951595568783414e-01 -4.9695719987508284e+01
    -1.1861091726557297e+02 6.3664377120910456e+02
    -4.1952299234844370e-01 5.0556161575191438e-01
    9.3739155220642978e-01 -1.4409518760664213e+00
    -1.1914861438724718e+02 6.3737235000646501e+02
    -3.4010793465077876e-01 5.9490461498655967e-01
    1.0749900585530290e+00 2.8602130894660977e+01
    -1.2069720240145422e+02 6.2469097597663995e+02
    -4.6201154229828945e-01 4.3588161942844933e-01
    7.6716938275434254e-01 -5.8675827630952098e+00
    -1.2781217197785541e+02 6.5702323739336350e+02
    -5.5644333147712666e-01 7.6493572605376514e-01
    1.5947187723768002e+00 6.7870464108444054e+01
    -5.8746821970693013e+01 6.5128396760400847e+02
    -5.8288923183115326e-01 6.4957963000118091e-01
    1.1075459593276475e+00 -1.7346905369248686e+00
    -7.3488595181073819e+01 6.8577551998251715e+02
    -5.8504395391518571e-01 5.9864738826597197e-01
    8.2412166564647027e-01 -5.5959377158976338e+01
    -8.5908801500642383e+01 6.9378533627316517e+02
    -4.9973839511210688e-01 5.5313667910646835e-01
    6.8284985245188035e-01 -8.4283779513304552e+01
    -9.5967965525634298e+01 6.7733571861090525e+02
    -4.7456226119303552e-01 4.8732907766304162e-01
    6.1161692506021403e-01 -1.0828093839561424e+02
    -9.6196870082035076e+01 6.6252849766142515e+02
    4.5781572835156953e-01 -4.6085725494159374e-01
    1.3860730045940559e+00 7.9780020165134786e+00
    -1.0254528182916553e+02 4.5522143444565387e+02
    6.1005601742933124e-01 -5.5031141833665154e-01
    1.4000458372682683e+00 2.0386347183787773e+01
    -9.3689237675380653e+01 4.5186314602240765e+02
    6.7496525760564940e-01 -6.3544339860497223e-01
    1.4087258030814656e+00 3.1142388593936108e+01
    -9.0989973392926004e+01 4.6682980859705566e+02
    6.7030740914477815e-01 7.6019671755984963e-01
    -1.5042592715727463e+00 -1.3947387423656204e+02
    4.5407100573822639e+01 6.2230745589528146e+02 7.9828307646589314e-01
    2.0965650545492415e-01 7.4224750957089705e-02
    -1.5003455988623512e+02 -8.9588283120210846e+01
    4.8789230394984548e+02 7.4280611517795225e-01 2.4674238834749904e-01
    3.1004560209315479e-01 -1.3589098492215928e+02
    -1.1569775805992074e+02 4.8233054241217161e+02
    7.0530776684512420e-01 2.6624775591103633e-01 5.9342723643801187e-01
    -1.1333643795731744e+02 -1.3829661574960991e+02
    4.7440247362341114e+02 6.6845604233916911e-01 2.1218450648384535e-01
    8.9984025109310506e-01 -7.8265768754099227e+01
    -1.4783152970950212e+02 4.6779115712277030e+02
    6.6123266785735879e-01 2.1518703731836591e-01 1.0270714182187732e+00
    -6.2351707928448448e+01 -1.4721586302282907e+02
    4.6802418196227671e+02 6.4071515151081460e-01 2.1263066044282788e-01
    1.1275684508679811e+00 -4.8577274676405914e+01
    -1.4338628205093056e+02 4.7413299017271453e+02
    6.1108907879693830e-01 2.1431336979719376e-01 7.6427399837770826e-01
    -1.0537375622056815e+02 -1.4651205109671807e+02
    4.7308387028676071e+02 4.7764626788612163e-01 1.6027267222082053e-01
    1.7312306963361224e-01 -1.7591042657371312e+02
    -1.2853041993801693e+02 5.0763878447577332e+02
    3.7596958432918709e-01 -2.6291253288648736e-01
    1.2428569087704999e+00 -4.7873581185378484e+01
    -1.1777863602379773e+02 5.0329328429385095e+02
    3.2262574601665944e-01 -2.6152730560896298e-01
    8.4046613056187980e-01 -9.1953055411714701e+01
    -1.2416179946872121e+02 5.0766223156268700e+02
    2.6450121406548938e-01 -2.5041264891308762e-01
    7.1626780247723620e-01 -1.0667858104115031e+02
    -1.2418869630281749e+02 5.1646502726167023e+02
    2.1240860357597544e-01 -1.7571393523528717e-01
    6.7076596985210024e-01 -1.1812086593988133e+02
    -1.2763139769267757e+02 5.3826890482816520e+02
    1.9574041348080315e-01 -6.5105843705363931e-02
    7.7329603904968591e-01 -1.0976731744724239e+02
    -1.3347296303644862e+02 5.5307233171904409e+02
    4.7360396116099879e-02 2.0608221566787041e-01 1.1773129977582728e+00
    -4.6362089085257111e+01 -1.3229489970504292e+02
    6.0122993898495281e+02 7.0804808825696008e-02 2.7541711990448148e-01
    1.4771075909272566e+00 3.1533813579787808e+00
